0;0;0;0;0
0;0;100;0;0
0;0;200;0;0
0;0;300;0;0
0;0;400;0;0
0;0;500;0;0
0;0;600;0;0
0;0;700;0;0
0;0;800;0;0
0;0;900;0;0
0;0;1000;0;0
0;0;1100;0;0
0;0;1200;0;0
0;0;1300;0;0
0;0;1400;0;0
0;0;1500;0;0
0;0;0;1;0
0.000995025;0.999005;100;1;0
0.000976562;0.999023;200;1;0
0.00100705;0.998993;300;1;0
0.00100503;0.998995;400;1;0
0.001;0.999;500;1;0
0.000983284;0.999017;600;1;0
0.000988142;0.999012;700;1;0
0.00099108;0.999009;800;1;0
0.00201816;0.997982;900;1;0
0;1;1000;1;0
0;1;1100;1;0
0.00197044;0.99803;1200;1;0
0.00110619;0.998894;1300;1;0
0;1;1400;1;0
0.001002;0.998998;1500;1;0
0;0;0;2;0
0.0019802;0.99802;100;2;0
0;1;200;2;0
0.000990099;0.99901;300;2;0
0;1;400;2;0
0;1;500;2;0
0;1;600;2;0
0;1;700;2;0
0.000978474;0.999022;800;2;0
0;1;900;2;0
0;1;1000;2;0
0.00197628;0.998024;1100;2;0
0;1;1200;2;0
0.00103093;0.998969;1300;2;0
0.00197433;0.998026;1400;2;0
0.00195503;0.998045;1500;2;0
0;0;0;3;0
0.00195886;0.998041;100;3;0
0.00197239;0.998028;200;3;0
0.00195503;0.998045;300;3;0
0;1;400;3;0
0.00201005;0.99799;500;3;0
0.0019802;0.99802;600;3;0
0;1;700;3;0
0.000979432;0.999021;800;3;0
0.000990099;0.99901;900;3;0
0.00102041;0.99898;1000;3;0
0;1;1100;3;0
0.00195312;0.998047;1200;3;0
0.00101523;0.998985;1300;3;0
0;1;1400;3;0
0;1;1500;3;0
0;1;0;4;0
0.00294118;0.997059;100;4;0
0.00293542;0.997065;200;4;0
0.000986193;0.999014;300;4;0
0;1;400;4;0
0.000981354;0.999019;500;4;0
0;1;600;4;0
0.000980392;0.99902;700;4;0
0.00295276;0.997047;800;4;0
0.0010101;0.99899;900;4;0
0.000996016;0.999004;1000;4;0
0.000988142;0.999012;1100;4;0
0.000988142;0.999012;1200;4;0
0.000995025;0.999005;1300;4;0
0;1;1400;4;0
0;1;1500;4;0
0;1;0;5;0
0.000978474;0.999022;100;5;0
0;1;200;5;0
0.000976562;0.999023;300;5;0
0.00197239;0.998028;400;5;0
0.000985222;0.999015;500;5;0
0.00195503;0.998045;600;5;0
0.000976562;0.999023;700;5;0
0.00196464;0.998035;800;5;0
0;1;900;5;0
0;1;1000;5;0
0.00099108;0.999009;1100;5;0
0.00195312;0.998047;1200;5;0
0;1;1300;5;0
0.00391389;0.996086;1400;5;0
0.000990099;0.99901;1500;5;0
0;0;0;6;0
0;1;100;6;0
0;1;200;6;0
0;1;300;6;0
0.000984252;0.999016;400;6;0
0.00100705;0.998993;500;6;0
0.000976562;0.999023;600;6;0
0.000976562;0.999023;700;6;0
0.000977517;0.999022;800;6;0
0.000987167;0.999013;900;6;0
0;1;1000;6;0
0;1;1100;6;0
0.000999001;0.999001;1200;6;0
0.000992064;0.999008;1300;6;0
0.000982318;0.999018;1400;6;0
0.000993049;0.999007;1500;6;0
0;1;0;7;0
0;1;100;7;0
0;1;200;7;0
0.000990099;0.99901;300;7;0
0;1;400;7;0
0.00196078;0.998039;500;7;0
0;1;600;7;0
0;1;700;7;0
0.00196657;0.998033;800;7;0
0.000984252;0.999016;900;7;0
0;1;1000;7;0
0.000979432;0.999021;1100;7;0
0.00195312;0.998047;1200;7;0
0.00100301;0.998997;1300;7;0
0.00098912;0.999011;1400;7;0
0.00198413;0.998016;1500;7;0
0;1;0;8;0
0.000976562;0.999023;100;8;0
0.000997009;0.999003;200;8;0
0;1;300;8;0
0.000978474;0.999022;400;8;0
0.000977517;0.999022;500;8;0
0;1;600;8;0
0.00195312;0.998047;700;8;0
0.00195312;0.998047;800;8;0
0;1;900;8;0
0.00197239;0.998028;1000;8;0
0.000985222;0.999015;1100;8;0
0.000994036;0.999006;1200;8;0
0.00100301;0.998997;1300;8;0
0.000996016;0.999004;1400;8;0
0;1;1500;8;0
0;1;0;9;0
0.00196271;0.998037;100;9;0
0;1;200;9;0
0.00488281;0.995117;300;9;0
0.00198807;0.998012;400;9;0
0;1;500;9;0
0.000993049;0.999007;600;9;0
0.000990099;0.99901;700;9;0
0;1;800;9;0
0;1;900;9;0
0.00400802;0.995992;1000;9;0
0;1;1100;9;0
0.00195312;0.998047;1200;9;0
0.00301508;0.996985;1300;9;0
0.000985222;0.999015;1400;9;0
0;1;1500;9;0
0;1;0;10;0
0.00195312;0.998047;100;10;0
0;1;200;10;0
0;1;300;10;0
0;1;400;10;0
0.00195312;0.998047;500;10;0
0;1;600;10;0
0.00195312;0.998047;700;10;0
0;1;800;10;0
0.000985222;0.999015;900;10;0
0;1;1000;10;0
0;1;1100;10;0
0.00195312;0.998047;1200;10;0
0.0039801;0.99602;1300;10;0
0;1;1400;10;0
0.000987167;0.999013;1500;10;0
0;0;0;11;0
0;1;100;11;0
0.000976562;0.999023;200;11;0
0.00195503;0.998045;300;11;0
0.00195503;0.998045;400;11;0
0;1;500;11;0
0.002997;0.997003;600;11;0
0;1;700;11;0
0;1;800;11;0
0.000982318;0.999018;900;11;0
0.00195503;0.998045;1000;11;0
0;1;1100;11;0
0.000985222;0.999015;1200;11;0
0.00203252;0.997967;1300;11;0
0.000986193;0.999014;1400;11;0
0;1;1500;11;0
0;1;0;12;0
0;1;100;12;0
0;1;200;12;0
0;1;300;12;0
0.000982318;0.999018;400;12;0
0;1;500;12;0
0;1;600;12;0
0;1;700;12;0
0;1;800;12;0
0.0019685;0.998031;900;12;0
0;1;1000;12;0
0.000976562;0.999023;1100;12;0
0.000976562;0.999023;1200;12;0
0.000985222;0.999015;1300;12;0
0.000981354;0.999019;1400;12;0
0.00195312;0.998047;1500;12;0
0;0;0;13;0
0.000986193;0.999014;100;13;0
0;1;200;13;0
0;1;300;13;0
0.000977517;0.999022;400;13;0
0;1;500;13;0
0.000979432;0.999021;600;13;0
0.000979432;0.999021;700;13;0
0.000982318;0.999018;800;13;0
0.000978474;0.999022;900;13;0
0;1;1000;13;0
0.00195695;0.998043;1100;13;0
0.000976562;0.999023;1200;13;0
0.00198413;0.998016;1300;13;0
0.00195312;0.998047;1400;13;0
0;1;1500;13;0
0;1;0;14;0
0.000996016;0.999004;100;14;0
0;1;200;14;0
0.00195312;0.998047;300;14;0
0.000976562;0.999023;400;14;0
0;1;500;14;0
0.00196464;0.998035;600;14;0
0;1;700;14;0
0.00197239;0.998028;800;14;0
0;1;900;14;0
0.000993049;0.999007;1000;14;0
0.000976562;0.999023;1100;14;0
0.00196271;0.998037;1200;14;0
0;1;1300;14;0
0;1;1400;14;0
0.000983284;0.999017;1500;14;0
0;1;0;15;0
0.000984252;0.999016;100;15;0
0.000976562;0.999023;200;15;0
0;1;300;15;0
0.000976562;0.999023;400;15;0
0.00297324;0.997027;500;15;0
0.00196271;0.998037;600;15;0
0;1;700;15;0
0.000988142;0.999012;800;15;0
0.000986193;0.999014;900;15;0
0.0058997;0.9941;1000;15;0
0.001001;0.998999;1100;15;0
0.000976562;0.999023;1200;15;0
0;1;1300;15;0
0.000976562;0.999023;1400;15;0
0.00195886;0.998041;1500;15;0
0;1;0;16;0
0;1;100;16;0
0.00197433;0.998026;200;16;0
0.00195695;0.998043;300;16;0
0;1;400;16;0
0;1;500;16;0
0.000976562;0.999023;600;16;0
0;1;700;16;0
0.00099108;0.999009;800;16;0
0;1;900;16;0
0;1;1000;16;0
0;1;1100;16;0
0;1;1200;16;0
0.000982318;0.999018;1300;16;0
0.000980392;0.99902;1400;16;0
0;1;1500;16;0
0;0;0;17;0
0;1;100;17;0
0.000988142;0.999012;200;17;0
0.00198807;0.998012;300;17;0
0.00195312;0.998047;400;17;0
0.00292969;0.99707;500;17;0
0;1;600;17;0
0;1;700;17;0
0.00196078;0.998039;800;17;0
0.000982318;0.999018;900;17;0
0.000978474;0.999022;1000;17;0
0;1;1100;17;0
0.000976562;0.999023;1200;17;0
0;1;1300;17;0
0.000987167;0.999013;1400;17;0
0.000976562;0.999023;1500;17;0
0;1;0;18;0
0;1;100;18;0
0.000990099;0.99901;200;18;0
0.000988142;0.999012;300;18;0
0.000976562;0.999023;400;18;0
0.00292969;0.99707;500;18;0
0.000976562;0.999023;600;18;0
0.00197044;0.99803;700;18;0
0.00195312;0.998047;800;18;0
0;1;900;18;0
0;1;1000;18;0
0.000990099;0.99901;1100;18;0
0;1;1200;18;0
0.000983284;0.999017;1300;18;0
0;1;1400;18;0
0;1;1500;18;0
0;1;0;19;0
0;1;100;19;0
0;1;200;19;0
0.000985222;0.999015;300;19;0
0.000979432;0.999021;400;19;0
0;1;500;19;0
0.00197239;0.998028;600;19;0
0.00196078;0.998039;700;19;0
0.000976562;0.999023;800;19;0
0;1;900;19;0
0.000986193;0.999014;1000;19;0
0;1;1100;19;0
0.00195695;0.998043;1200;19;0
0.000978474;0.999022;1300;19;0
0.00296443;0.997036;1400;19;0
0.000980392;0.99902;1500;19;0
0;1;0;20;0
0;1;100;20;0
0.00292969;0.99707;200;20;0
0.00292969;0.99707;300;20;0
0.000976562;0.999023;400;20;0
0;1;500;20;0
0;1;600;20;0
0.00195312;0.998047;700;20;0
0.00201816;0.997982;800;20;0
0;1;900;20;0
0;1;1000;20;0
0.000980392;0.99902;1100;20;0
0;1;1200;20;0
0.00203459;0.997965;1300;20;0
0.00195695;0.998043;1400;20;0
0.000976562;0.999023;1500;20;0
0;1;0;21;0
0.00195695;0.998043;100;21;0
0.000976562;0.999023;200;21;0
0.000981354;0.999019;300;21;0
0.00292969;0.99707;400;21;0
0.000977517;0.999022;500;21;0
0.00195312;0.998047;600;21;0
0.000976562;0.999023;700;21;0
0.000976562;0.999023;800;21;0
0.00197044;0.99803;900;21;0
0.000990099;0.99901;1000;21;0
0.000977517;0.999022;1100;21;0
0.000976562;0.999023;1200;21;0
0.00198413;0.998016;1300;21;0
0;1;1400;21;0
0;1;1500;21;0
0;1;0;22;0
0.000976562;0.999023;100;22;0
0.00197628;0.998024;200;22;0
0.000986193;0.999014;300;22;0
0.000976562;0.999023;400;22;0
0;1;500;22;0
0.00294985;0.99705;600;22;0
0.000990099;0.99901;700;22;0
0.000976562;0.999023;800;22;0
0;1;900;22;0
0;1;1000;22;0
0;1;1100;22;0
0;1;1200;22;0
0.00196657;0.998033;1300;22;0
0;1;1400;22;0
0;1;1500;22;0
0;1;0;23;0
0.00197628;0.998024;100;23;0
0.000976562;0.999023;200;23;0
0.00294985;0.99705;300;23;0
0.000980392;0.99902;400;23;0
0.000976562;0.999023;500;23;0
0;1;600;23;0
0.000980392;0.99902;700;23;0
0.00195312;0.998047;800;23;0
0.000981354;0.999019;900;23;0
0;1;1000;23;0
0.00195312;0.998047;1100;23;0
0.000976562;0.999023;1200;23;0
0.00196271;0.998037;1300;23;0
0.000983284;0.999017;1400;23;0
0;1;1500;23;0
0;1;0;24;0
0;1;100;24;0
0.000979432;0.999021;200;24;0
0;1;300;24;0
0.000983284;0.999017;400;24;0
0;1;500;24;0
0.000978474;0.999022;600;24;0
0.00297915;0.997021;700;24;0
0;1;800;24;0
0.000976562;0.999023;900;24;0
0;1;1000;24;0
0.000976562;0.999023;1100;24;0
0;1;1200;24;0
0.00292969;0.99707;1300;24;0
0;1;1400;24;0
0;1;1500;24;0
0;1;0;25;0
0;1;100;25;0
0;1;200;25;0
0;1;300;25;0
0;1;400;25;0
0.000976562;0.999023;500;25;0
0.00195503;0.998045;600;25;0
0.000977517;0.999022;700;25;0
0.000982318;0.999018;800;25;0
0;1;900;25;0
0.00196464;0.998035;1000;25;0
0;1;1100;25;0
0.00195312;0.998047;1200;25;0
0;1;1300;25;0
0;1;1400;25;0
0.000987167;0.999013;1500;25;0
0;1;0;26;0
0.00292969;0.99707;100;26;0
0.00195312;0.998047;200;26;0
0.00195312;0.998047;300;26;0
0;1;400;26;0
0.00098912;0.999011;500;26;0
0.000976562;0.999023;600;26;0
0.00197044;0.99803;700;26;0
0.000988142;0.999012;800;26;0
0.000976562;0.999023;900;26;0
0;1;1000;26;0
0.000976562;0.999023;1100;26;0
0;1;1200;26;0
0.000984252;0.999016;1300;26;0
0.00197044;0.99803;1400;26;0
0.000985222;0.999015;1500;26;0
0;1;0;27;0
0.00195503;0.998045;100;27;0
0.00292969;0.99707;200;27;0
0.000976562;0.999023;300;27;0
0.000976562;0.999023;400;27;0
0.00292969;0.99707;500;27;0
0;1;600;27;0
0.00195312;0.998047;700;27;0
0;1;800;27;0
0;1;900;27;0
0;1;1000;27;0
0.000985222;0.999015;1100;27;0
0.000976562;0.999023;1200;27;0
0;1;1300;27;0
0.00199005;0.99801;1400;27;0
0.00390625;0.996094;1500;27;0
0;1;0;28;0
0.000976562;0.999023;100;28;0
0;1;200;28;0
0.00195503;0.998045;300;28;0
0.00195312;0.998047;400;28;0
0.000976562;0.999023;500;28;0
0.000977517;0.999022;600;28;0
0;1;700;28;0
0.000976562;0.999023;800;28;0
0;1;900;28;0
0.00195312;0.998047;1000;28;0
0.00390625;0.996094;1100;28;0
0.00195886;0.998041;1200;28;0
0.00195312;0.998047;1300;28;0
0;1;1400;28;0
0.000980392;0.99902;1500;28;0
0;0;0;29;0
0.000983284;0.999017;100;29;0
0.000976562;0.999023;200;29;0
0;1;300;29;0
0.000978474;0.999022;400;29;0
0;1;500;29;0
0;1;600;29;0
0.00292969;0.99707;700;29;0
0.000994036;0.999006;800;29;0
0;1;900;29;0
0.000976562;0.999023;1000;29;0
0.000981354;0.999019;1100;29;0
0;1;1200;29;0
0.00197239;0.998028;1300;29;0
0;1;1400;29;0
0.00195312;0.998047;1500;29;0
0;1;0;30;0
0.00294118;0.997059;100;30;0
0;1;200;30;0
0.000976562;0.999023;300;30;0
0.000976562;0.999023;400;30;0
0;1;500;30;0
0;1;600;30;0
0.00195695;0.998043;700;30;0
0;1;800;30;0
0.00196464;0.998035;900;30;0
0.000976562;0.999023;1000;30;0
0;1;1100;30;0
0;1;1200;30;0
0.000976562;0.999023;1300;30;0
0;1;1400;30;0
0.000985222;0.999015;1500;30;0
0;1;0;31;0
0.000976562;0.999023;100;31;0
0;1;200;31;0
0;1;300;31;0
0.00294406;0.997056;400;31;0
0.000982318;0.999018;500;31;0
0.000976562;0.999023;600;31;0
0;1;700;31;0
0.00197239;0.998028;800;31;0
0;1;900;31;0
0.00297324;0.997027;1000;31;0
0.00196657;0.998033;1100;31;0
0.000990099;0.99901;1200;31;0
0.000980392;0.99902;1300;31;0
0.00196271;0.998037;1400;31;0
0.00197824;0.998022;1500;31;0
0;1;0;32;0
0;1;100;32;0
0;1;200;32;0
0;1;300;32;0
0.00294695;0.997053;400;32;0
0.000979432;0.999021;500;32;0
0;1;600;32;0
0;1;700;32;0
0;1;800;32;0
0;1;900;32;0
0.000982318;0.999018;1000;32;0
0;1;1100;32;0
0.00292969;0.99707;1200;32;0
0.00200401;0.997996;1300;32;0
0.000990099;0.99901;1400;32;0
0.00197239;0.998028;1500;32;0
0;1;0;33;0
0;1;100;33;0
0.000976562;0.999023;200;33;0
0.00195312;0.998047;300;33;0
0.00195312;0.998047;400;33;0
0;1;500;33;0
0.0019861;0.998014;600;33;0
0.000979432;0.999021;700;33;0
0;1;800;33;0
0;1;900;33;0
0.00295567;0.997044;1000;33;0
0.00197044;0.99803;1100;33;0
0;1;1200;33;0
0.00195312;0.998047;1300;33;0
0;1;1400;33;0
0.00195312;0.998047;1500;33;0
0;1;0;34;0
0;1;100;34;0
0;1;200;34;0
0.000976562;0.999023;300;34;0
0.00197044;0.99803;400;34;0
0.000979432;0.999021;500;34;0
0;1;600;34;0
0.00197044;0.99803;700;34;0
0.001998;0.998002;800;34;0
0.00195312;0.998047;900;34;0
0.00197824;0.998022;1000;34;0
0.0019802;0.99802;1100;34;0
0.00196078;0.998039;1200;34;0
0.000978474;0.999022;1300;34;0
0.000978474;0.999022;1400;34;0
0.00294695;0.997053;1500;34;0
0;1;0;35;0
0.00195312;0.998047;100;35;0
0;1;200;35;0
0;1;300;35;0
0;1;400;35;0
0;1;500;35;0
0;1;600;35;0
0.000979432;0.999021;700;35;0
0.00195312;0.998047;800;35;0
0.000984252;0.999016;900;35;0
0;1;1000;35;0
0;1;1100;35;0
0.000976562;0.999023;1200;35;0
0.000977517;0.999022;1300;35;0
0.00195312;0.998047;1400;35;0
0.00294695;0.997053;1500;35;0
0;0;0;36;0
0.000979432;0.999021;100;36;0
0.000983284;0.999017;200;36;0
0.000976562;0.999023;300;36;0
0.000978474;0.999022;400;36;0
0.000980392;0.99902;500;36;0
0.0019685;0.998031;600;36;0
0.00099108;0.999009;700;36;0
0.000988142;0.999012;800;36;0
0.00195695;0.998043;900;36;0
0.00195312;0.998047;1000;36;0
0.000988142;0.999012;1100;36;0
0;1;1200;36;0
0;1;1300;36;0
0.000986193;0.999014;1400;36;0
0.00196271;0.998037;1500;36;0
0;1;0;37;0
0;1;100;37;0
0.00293542;0.997065;200;37;0
0.00195886;0.998041;300;37;0
0.00195503;0.998045;400;37;0
0;1;500;37;0
0;1;600;37;0
0.00292969;0.99707;700;37;0
0.00195886;0.998041;800;37;0
0.00197239;0.998028;900;37;0
0.000986193;0.999014;1000;37;0
0;1;1100;37;0
0.000994036;0.999006;1200;37;0
0.000977517;0.999022;1300;37;0
0.000985222;0.999015;1400;37;0
0.00098912;0.999011;1500;37;0
0;1;0;38;0
0.000977517;0.999022;100;38;0
0.00294118;0.997059;200;38;0
0.00195312;0.998047;300;38;0
0.000976562;0.999023;400;38;0
0.000976562;0.999023;500;38;0
0.00295276;0.997047;600;38;0
0.000977517;0.999022;700;38;0
0;1;800;38;0
0.000987167;0.999013;900;38;0
0.00100402;0.998996;1000;38;0
0.000976562;0.999023;1100;38;0
0;1;1200;38;0
0.00293542;0.997065;1300;38;0
0.000976562;0.999023;1400;38;0
0;1;1500;38;0
0;1;0;39;0
0.000976562;0.999023;100;39;0
0.000976562;0.999023;200;39;0
0;1;300;39;0
0;1;400;39;0
0;1;500;39;0
0;1;600;39;0
0;1;700;39;0
0;1;800;39;0
0.000976562;0.999023;900;39;0
0;1;1000;39;0
0.00294985;0.99705;1100;39;0
0;1;1200;39;0
0.00100503;0.998995;1300;39;0
0;1;1400;39;0
0.00196464;0.998035;1500;39;0
0;1;0;40;0
0.000981354;0.999019;100;40;0
0;1;200;40;0
0.000982318;0.999018;300;40;0
0.000976562;0.999023;400;40;0
0.000978474;0.999022;500;40;0
0.00294985;0.99705;600;40;0
0;1;700;40;0
0.000976562;0.999023;800;40;0
0;1;900;40;0
0;1;1000;40;0
0.000993049;0.999007;1100;40;0
0.00195503;0.998045;1200;40;0
0.000986193;0.999014;1300;40;0
0;1;1400;40;0
0;1;1500;40;0
0;1;0;41;0
0.00292969;0.99707;100;41;0
0;1;200;41;0
0.00195886;0.998041;300;41;0
0.000976562;0.999023;400;41;0
0;1;500;41;0
0;1;600;41;0
0.000976562;0.999023;700;41;0
0.00195503;0.998045;800;41;0
0;1;900;41;0
0.00195503;0.998045;1000;41;0
0.000980392;0.99902;1100;41;0
0.000984252;0.999016;1200;41;0
0;1;1300;41;0
0.0020202;0.99798;1400;41;0
0.000986193;0.999014;1500;41;0
0;1;0;42;0
0.00195312;0.998047;100;42;0
0.0029615;0.997038;200;42;0
0.00390625;0.996094;300;42;0
0.000980392;0.99902;400;42;0
0.000986193;0.999014;500;42;0
0.00295567;0.997044;600;42;0
0.000981354;0.999019;700;42;0
0.000976562;0.999023;800;42;0
0;1;900;42;0
0.000978474;0.999022;1000;42;0
0.00195312;0.998047;1100;42;0
0;1;1200;42;0
0;1;1300;42;0
0.00197824;0.998022;1400;42;0
0.00292969;0.99707;1500;42;0
0;1;0;43;0
0.000976562;0.999023;100;43;0
0.00195312;0.998047;200;43;0
0;1;300;43;0
0.00196657;0.998033;400;43;0
0;1;500;43;0
0.00292969;0.99707;600;43;0
0;1;700;43;0
0.00197044;0.99803;800;43;0
0;1;900;43;0
0;1;1000;43;0
0.000994036;0.999006;1100;43;0
0.00292969;0.99707;1200;43;0
0;1;1300;43;0
0.000976562;0.999023;1400;43;0
0;1;1500;43;0
0;1;0;44;0
0;1;100;44;0
0.000976562;0.999023;200;44;0
0.00196078;0.998039;300;44;0
0.00197239;0.998028;400;44;0
0.000976562;0.999023;500;44;0
0;1;600;44;0
0.00099108;0.999009;700;44;0
0;1;800;44;0
0.000978474;0.999022;900;44;0
0;1;1000;44;0
0.000984252;0.999016;1100;44;0
0;1;1200;44;0
0.000999001;0.999001;1300;44;0
0.000976562;0.999023;1400;44;0
0.000976562;0.999023;1500;44;0
0;1;0;45;0
0.000978474;0.999022;100;45;0
0.000976562;0.999023;200;45;0
0.00294406;0.997056;300;45;0
0.00195886;0.998041;400;45;0
0.000977517;0.999022;500;45;0
0.000976562;0.999023;600;45;0
0.000977517;0.999022;700;45;0
0.000977517;0.999022;800;45;0
0.00197628;0.998024;900;45;0
0.00195503;0.998045;1000;45;0
0.000977517;0.999022;1100;45;0
0.00199005;0.99801;1200;45;0
0;1;1300;45;0
0.00195312;0.998047;1400;45;0
0;1;1500;45;0
0;1;0;46;0
0.000978474;0.999022;100;46;0
0;1;200;46;0
0.00195312;0.998047;300;46;0
0.000979432;0.999021;400;46;0
0.000976562;0.999023;500;46;0
0.000978474;0.999022;600;46;0
0.000976562;0.999023;700;46;0
0;1;800;46;0
0;1;900;46;0
0;1;1000;46;0
0;1;1100;46;0
0.00195312;0.998047;1200;46;0
0;1;1300;46;0
0;1;1400;46;0
0.00196271;0.998037;1500;46;0
0;1;0;47;0
0.00390625;0.996094;100;47;0
0;1;200;47;0
0.000976562;0.999023;300;47;0
0;1;400;47;0
0;1;500;47;0
0.000983284;0.999017;600;47;0
0.00294406;0.997056;700;47;0
0.00195312;0.998047;800;47;0
0;1;900;47;0
0.000985222;0.999015;1000;47;0
0.00196464;0.998035;1100;47;0
0.00196657;0.998033;1200;47;0
0;1;1300;47;0
0.00391773;0.996082;1400;47;0
0;1;1500;47;0
0;1;0;48;0
0;1;100;48;0
0.00195312;0.998047;200;48;0
0;1;300;48;0
0;1;400;48;0
0;1;500;48;0
0.00196271;0.998037;600;48;0
0;1;700;48;0
0.000976562;0.999023;800;48;0
0;1;900;48;0
0;1;1000;48;0
0;1;1100;48;0
0.000976562;0.999023;1200;48;0
0.00199402;0.998006;1300;48;0
0;1;1400;48;0
0.0029383;0.997062;1500;48;0
0;1;0;49;0
0.000976562;0.999023;100;49;0
0;1;200;49;0
0.000976562;0.999023;300;49;0
0;1;400;49;0
0.000977517;0.999022;500;49;0
0.000976562;0.999023;600;49;0
0;1;700;49;0
0;1;800;49;0
0.00099108;0.999009;900;49;0
0.000977517;0.999022;1000;49;0
0;1;1100;49;0
0.00195312;0.998047;1200;49;0
0.000983284;0.999017;1300;49;0
0;1;1400;49;0
0.00195695;0.998043;1500;49;0
0;1;0;50;0
0.00195312;0.998047;100;50;0
0.00294985;0.99705;200;50;0
0.00195312;0.998047;300;50;0
0;1;400;50;0
0;1;500;50;0
0;1;600;50;0
0;1;700;50;0
0;1;800;50;0
0;1;900;50;0
0.000982318;0.999018;1000;50;0
0.0019685;0.998031;1100;50;0
0.000976562;0.999023;1200;50;0
0.000997009;0.999003;1300;50;0
0.00195312;0.998047;1400;50;0
0;1;1500;50;0
