0;0;0;0
0;0;50;0
0.25;0.75;100;0
0;1;150;0
0;1;200;0
0;0;250;0
0;1;300;0
0;0;350;0
0;1;400;0
0;0;450;0
0;0;500;0
0;0;550;0
0;1;600;0
0;0;650;0
0.333333;0.666667;700;0
0.6;0.4;750;0
0;0;800;0
0;1;850;0
0;1;900;0
0;0;950;0
0.2;0.8;1000;0
0.2;0.8;1050;0
0;1;1100;0
0.5;0.5;1150;0
0;0;1200;0
0;1;1250;0
0;0;1300;0
0.555556;0.444444;1350;0
0;0;1400;0
0;1;1450;0
0;0;1500;0
0;1;0;1
0.100098;0.899902;50;1
0.058651;0.941349;100;1
0.0176298;0.98237;150;1
0.0078125;0.992188;200;1
0.09421;0.90579;250;1
0.0591716;0.940828;300;1
0.0635551;0.936445;350;1
0.00788177;0.992118;400;1
0.0138889;0.986111;450;1
0.0176991;0.982301;500;1
0.00591133;0.994089;550;1
0.0198807;0.980119;600;1
0.00591716;0.994083;650;1
0;1;700;1
0.00101833;0.998982;750;1
0.0313418;0.968658;800;1
0.0453649;0.954635;850;1
0.0205479;0.979452;900;1
0.0381232;0.961877;950;1
0.0180905;0.98191;1000;1
0.0169154;0.983085;1050;1
0.00986193;0.990138;1100;1
0.0153374;0.984663;1150;1
0.00196464;0.998035;1200;1
0;1;1250;1
0.00904523;0.990955;1300;1
0.018664;0.981336;1350;1
0.0120968;0.987903;1400;1
0.000979432;0.999021;1450;1
0.0127451;0.987255;1500;1
0;1;0;2
0.0596285;0.940371;50;2
0.0732422;0.926758;100;2
0.0933202;0.90668;150;2
0.03125;0.96875;200;2
0.00201207;0.997988;250;2
0.00792079;0.992079;300;2
0.0107422;0.989258;350;2
0.0118694;0.988131;400;2
0.00497512;0.995025;450;2
0.00407747;0.995923;500;2
0.0205681;0.979432;550;2
0.0419652;0.958035;600;2
0.00589391;0.994106;650;2
0.00292969;0.99707;700;2
0.0118694;0.988131;750;2
0.0364173;0.963583;800;2
0.00502513;0.994975;850;2
0.0079602;0.99204;900;2
0.0469667;0.953033;950;2
0.00105485;0.998945;1000;2
0.00297915;0.997021;1050;2
0.0368893;0.963111;1100;2
0.00196464;0.998035;1150;2
0.00195886;0.998041;1200;2
0.0098912;0.990109;1250;2
0.0439453;0.956055;1300;2
0.000986193;0.999014;1350;2
0.00995025;0.99005;1400;2
0.00296443;0.997036;1450;2
0.0107422;0.989258;1500;2
0.0108803;0.98912;0;3
0.167969;0.832031;50;3
0.128906;0.871094;100;3
0.063;0.937;150;3
0.030303;0.969697;200;3
0.00619835;0.993802;250;3
0.0146771;0.985323;300;3
0.0383104;0.96169;350;3
0.0537849;0.946215;400;3
0.0109127;0.989087;450;3
0.0195886;0.980411;500;3
0.0869141;0.913086;550;3
0.0482283;0.951772;600;3
0.0392927;0.960707;650;3
0.0626836;0.937316;700;3
0.0234375;0.976562;750;3
0.0146915;0.985309;800;3
0.0429688;0.957031;850;3
0.0839921;0.916008;900;3
0.0039604;0.99604;950;3
0.010101;0.989899;1000;3
0.00197239;0.998028;1050;3
0.020649;0.979351;1100;3
0.0110999;0.9889;1150;3
0.00390625;0.996094;1200;3
0.0287698;0.97123;1250;3
0.0215475;0.978453;1300;3
0.0488281;0.951172;1350;3
0.089391;0.910609;1400;3
0.00294985;0.99705;1450;3
0.0439883;0.956012;1500;3
0.0218471;0.978153;0;4
0.100586;0.899414;50;4
0.0581162;0.941884;100;4
0.00501504;0.994985;150;4
0.0157171;0.984283;200;4
0.0297915;0.970209;250;4
0.0284872;0.971513;300;4
0.0535183;0.946482;350;4
0.078125;0.921875;400;4
0.0723363;0.927664;450;4
0.0166994;0.983301;500;4
0.00687623;0.993124;550;4
0.0236686;0.976331;600;4
0.0197433;0.980257;650;4
0.0109344;0.989066;700;4
0.00685602;0.993144;750;4
0.00496032;0.99504;800;4
0.00585938;0.994141;850;4
0.0367064;0.963294;900;4
0.000982318;0.999018;950;4
0.0478516;0.952148;1000;4
0.0010661;0.998934;1050;4
0.000977517;0.999022;1100;4
0.0119166;0.988083;1150;4
0.004004;0.995996;1200;4
0.0136986;0.986301;1250;4
0.00488281;0.995117;1300;4
0.0185547;0.981445;1350;4
0;1;1400;4
0;1;1450;4
0.0673828;0.932617;1500;4
0.0273438;0.972656;0;5
0.173021;0.826979;50;5
0.0265226;0.973477;100;5
0.0885827;0.911417;150;5
0.0961727;0.903827;200;5
0.0224609;0.977539;250;5
0.0585938;0.941406;300;5
0.0771484;0.922852;350;5
0.150685;0.849315;400;5
0.0977517;0.902248;450;5
0.0197044;0.980296;500;5
0.0255906;0.974409;550;5
0.0412169;0.958783;600;5
0.0157791;0.984221;650;5
0.00982318;0.990177;700;5
0.10284;0.89716;750;5
0.00884086;0.991159;800;5
0.0263672;0.973633;850;5
0.0225269;0.977473;900;5
0.0557185;0.944282;950;5
0.0195312;0.980469;1000;5
0.0126953;0.987305;1050;5
0.0254154;0.974585;1100;5
0.0197044;0.980296;1150;5
0.0297915;0.970209;1200;5
0.0313131;0.968687;1250;5
0;1;1300;5
0.0507812;0.949219;1350;5
0.0169492;0.983051;1400;5
0.00195886;0.998041;1450;5
0.0227048;0.977295;1500;5
0;1;0;6
0.124388;0.875612;50;6
0.0680473;0.931953;100;6
0.0687623;0.931238;150;6
0.0178571;0.982143;200;6
0.019802;0.980198;250;6
0.0294695;0.97053;300;6
0.0924287;0.907571;350;6
0.0353635;0.964637;400;6
0.00792864;0.992071;450;6
0.0224609;0.977539;500;6
0.016815;0.983185;550;6
0.0305118;0.969488;600;6
0.00489716;0.995103;650;6
0.023622;0.976378;700;6
0.03667;0.96333;750;6
0.0253906;0.974609;800;6
0.016683;0.983317;850;6
0.0374384;0.962562;900;6
0.000985222;0.999015;950;6
0.00996016;0.99004;1000;6
0.00590551;0.994094;1050;6
0.00784314;0.992157;1100;6
0.0189243;0.981076;1150;6
0.026393;0.973607;1200;6
0.00976562;0.990234;1250;6
0.0235988;0.976401;1300;6
0.0111449;0.988855;1350;6
0;1;1400;6
0.0422397;0.95776;1450;6
0.0158103;0.98419;1500;6
0.00587659;0.994123;0;7
0.274414;0.725586;50;7
0.102539;0.897461;100;7
0.179688;0.820312;150;7
0.0387674;0.961233;200;7
0.0196464;0.980354;250;7
0.0587084;0.941292;300;7
0.0372184;0.962782;350;7
0.0205078;0.979492;400;7
0.0344149;0.965585;450;7
0.0675147;0.932485;500;7
0.0784314;0.921569;550;7
0.016815;0.983185;600;7
0.00394477;0.996055;650;7
0.0126953;0.987305;700;7
0.0217391;0.978261;750;7
0.0284035;0.971596;800;7
0.00501002;0.99499;850;7
0.00490196;0.995098;900;7
0.0635386;0.936461;950;7
0.133789;0.866211;1000;7
0.0698819;0.930118;1050;7
0.0166016;0.983398;1100;7
0.00391773;0.996082;1150;7
0.0527344;0.947266;1200;7
0.0585938;0.941406;1250;7
0.00488281;0.995117;1300;7
0.0625;0.9375;1350;7
0.0175781;0.982422;1400;7
0.009;0.991;1450;7
0.00393314;0.996067;1500;7
0;1;0;8
0.1409;0.8591;50;8
0.0634766;0.936523;100;8
0.180664;0.819336;150;8
0.0820312;0.917969;200;8
0.210938;0.789062;250;8
0.0566406;0.943359;300;8
0.035035;0.964965;350;8
0.0332031;0.966797;400;8
0.013013;0.986987;450;8
0.0118577;0.988142;500;8
0.0127077;0.987292;550;8
0.0480392;0.951961;600;8
0.0229541;0.977046;650;8
0.0411361;0.958864;700;8
0.0166667;0.983333;750;8
0.0214844;0.978516;800;8
0.0147638;0.985236;850;8
0.0358566;0.964143;900;8
0.00883219;0.991168;950;8
0.0196657;0.980334;1000;8
0.114258;0.885742;1050;8
0.128906;0.871094;1100;8
0.0292969;0.970703;1150;8
0.00296443;0.997036;1200;8
0.0146915;0.985309;1250;8
0.0189432;0.981057;1300;8
0.0166178;0.983382;1350;8
0.000977517;0.999022;1400;8
0.0216963;0.978304;1450;8
0.0525273;0.947473;1500;8
0.00102987;0.99897;0;9
0.0875123;0.912488;50;9
0.136719;0.863281;100;9
0.0458984;0.954102;150;9
0.0976562;0.902344;200;9
0.0400391;0.959961;250;9
0.0766962;0.923304;300;9
0.0147493;0.985251;350;9
0.078125;0.921875;400;9
0.0683594;0.931641;450;9
0.0250501;0.97495;500;9
0.00596421;0.994036;550;9
0.0361328;0.963867;600;9
0.0404449;0.959555;650;9
0.0469667;0.953033;700;9
0.0578431;0.942157;750;9
0.0137255;0.986274;800;9
0.0694716;0.930528;850;9
0.0480392;0.951961;900;9
0.00923077;0.990769;950;9
0.0302734;0.969727;1000;9
0.0654297;0.93457;1050;9
0.0218254;0.978175;1100;9
0.00196078;0.998039;1150;9
0;1;1200;9
0.0175781;0.982422;1250;9
0.0210843;0.978916;1300;9
0.0334317;0.966568;1350;9
0.0305118;0.969488;1400;9
0.0352941;0.964706;1450;9
0.0264188;0.973581;1500;9
0.00200602;0.997994;0;10
0.157227;0.842773;50;10
0.0616915;0.938308;100;10
0.0673828;0.932617;150;10
0.0971541;0.902846;200;10
0.0229541;0.977046;250;10
0.0234375;0.976562;300;10
0.0245098;0.97549;350;10
0.0126953;0.987305;400;10
0.0109671;0.989033;450;10
0.0234375;0.976562;500;10
0.0683594;0.931641;550;10
0.00196271;0.998037;600;10
0.047384;0.952616;650;10
0.0412574;0.958743;700;10
0.0257937;0.974206;750;10
0.024558;0.975442;800;10
0.0214844;0.978516;850;10
0.0236453;0.976355;900;10
0.0146484;0.985352;950;10
0.0266535;0.973346;1000;10
0.0357143;0.964286;1050;10
0.0343811;0.965619;1100;10
0.0380859;0.961914;1150;10
0.0693359;0.930664;1200;10
0.00195312;0.998047;1250;10
0.107422;0.892578;1300;10
0.0412979;0.958702;1350;10
0.0140845;0.985915;1400;10
0.00495049;0.995049;1450;10
0.0147203;0.98528;1500;10
0.00195886;0.998041;0;11
0.131687;0.868313;50;11
0.0518591;0.948141;100;11
0.0192503;0.98075;150;11
0.0293255;0.970675;200;11
0.0530452;0.946955;250;11
0.0521654;0.947835;300;11
0.0205078;0.979492;350;11
0.0224609;0.977539;400;11
0.0294118;0.970588;450;11
0.0128586;0.987141;500;11
0.0216323;0.978368;550;11
0.00785083;0.992149;600;11
0.078125;0.921875;650;11
0.0195312;0.980469;700;11
0.0410156;0.958984;750;11
0.0765456;0.923454;800;11
0.0463511;0.953649;850;11
0.0108803;0.98912;900;11
0.0175781;0.982422;950;11
0.0177165;0.982283;1000;11
0.0478516;0.952148;1050;11
0.0568071;0.943193;1100;11
0.0273438;0.972656;1150;11
0.0195695;0.980431;1200;11
0.029615;0.970385;1250;11
0.0108588;0.989141;1300;11
0.00603622;0.993964;1350;11
0.00195886;0.998041;1400;11
0.0225933;0.977407;1450;11
0.00695825;0.993042;1500;11
0.00339751;0.996602;0;12
0.108717;0.891283;50;12
0.0607248;0.939275;100;12
0.072478;0.927522;150;12
0.0110664;0.988934;200;12
0.0224609;0.977539;250;12
0.0244141;0.975586;300;12
0.0234375;0.976562;350;12
0.0836614;0.916339;400;12
0.0263672;0.973633;450;12
0.0698819;0.930118;500;12
0.0771484;0.922852;550;12
0.0478516;0.952148;600;12
0.0121704;0.98783;650;12
0.00684262;0.993157;700;12
0.00195503;0.998045;750;12
0.0785083;0.921492;800;12
0.0676471;0.932353;850;12
0.00976562;0.990234;900;12
0.0459433;0.954057;950;12
0.0966797;0.90332;1000;12
0.0518591;0.948141;1050;12
0.0870842;0.912916;1100;12
0.0507812;0.949219;1150;12
0.000976562;0.999023;1200;12
0.00198413;0.998016;1250;12
0.0188305;0.981169;1300;12
0.0263672;0.973633;1350;12
0.0175781;0.982422;1400;12
0.0998043;0.900196;1450;12
0.0234375;0.976562;1500;12
0.0143296;0.98567;0;13
0.0488281;0.951172;50;13
0.119141;0.880859;100;13
0.0361328;0.963867;150;13
0.1875;0.8125;200;13
0.104492;0.895508;250;13
0.167969;0.832031;300;13
0.0566406;0.943359;350;13
0.0705191;0.929481;400;13
0.0512821;0.948718;450;13
0.0175781;0.982422;500;13
0.0195312;0.980469;550;13
0.0619469;0.938053;600;13
0.0756385;0.924361;650;13
0.0235988;0.976401;700;13
0.0353635;0.964637;750;13
0.110352;0.889648;800;13
0.00891972;0.99108;850;13
0.0478516;0.952148;900;13
0.0927734;0.907227;950;13
0.00688299;0.993117;1000;13
0.00789734;0.992103;1050;13
0.0198413;0.980159;1100;13
0.006917;0.993083;1150;13
0.0156863;0.984314;1200;13
0.0673828;0.932617;1250;13
0.0869141;0.913086;1300;13
0.0322266;0.967773;1350;13
0.0225711;0.977429;1400;13
0.0147929;0.985207;1450;13
0.0078125;0.992188;1500;13
0.0110999;0.9889;0;14
0.0473373;0.952663;50;14
0.0419922;0.958008;100;14
0.078125;0.921875;150;14
0.165039;0.834961;200;14
0.134578;0.865422;250;14
0.00587084;0.994129;300;14
0.0352941;0.964706;350;14
0.0140987;0.985901;400;14
0.0216323;0.978368;450;14
0.0821114;0.917889;500;14
0.0859375;0.914062;550;14
0.0976562;0.902344;600;14
0.0752688;0.924731;650;14
0.0166016;0.983398;700;14
0.0342466;0.965753;750;14
0.0176125;0.982387;800;14
0.0157791;0.984221;850;14
0.0566406;0.943359;900;14
0.0517578;0.948242;950;14
0.0830078;0.916992;1000;14
0.0355731;0.964427;1050;14
0.0224609;0.977539;1100;14
0.00294406;0.997056;1150;14
0.0362035;0.963796;1200;14
0.00488281;0.995117;1250;14
0.00195886;0.998041;1300;14
0.0292969;0.970703;1350;14
0.0595703;0.94043;1400;14
0.0315893;0.968411;1450;14
0.00589391;0.994106;1500;14
0.0040568;0.995943;0;15
0.0810547;0.918945;50;15
0.129883;0.870117;100;15
0.134766;0.865234;150;15
0.08619;0.91381;200;15
0.0226824;0.977318;250;15
0.063788;0.936212;300;15
0.0341797;0.96582;350;15
0.114286;0.885714;400;15
0.00976562;0.990234;450;15
0.0351562;0.964844;500;15
0.0264706;0.973529;550;15
0.0166178;0.983382;600;15
0.125;0.875;650;15
0.00785083;0.992149;700;15
0.018981;0.981019;750;15
0.0302734;0.969727;800;15
0.00981354;0.990186;850;15
0.0117188;0.988281;900;15
0.0970588;0.902941;950;15
0.0273973;0.972603;1000;15
0.000983284;0.999017;1050;15
0;1;1100;15
0.0546875;0.945312;1150;15
0.00878906;0.991211;1200;15
0.0390625;0.960938;1250;15
0.0671937;0.932806;1300;15
0.0392542;0.960746;1350;15
0.0435213;0.956479;1400;15
0.0148515;0.985148;1450;15
0.0218254;0.978175;1500;15
0.0371094;0.962891;0;16
0.148438;0.851562;50;16
0.0733855;0.926614;100;16
0.131836;0.868164;150;16
0.0884956;0.911504;200;16
0.0688976;0.931102;250;16
0.171737;0.828263;300;16
0.0244141;0.975586;350;16
0.03125;0.96875;400;16
0.02;0.98;450;16
0.0351562;0.964844;500;16
0.155425;0.844575;550;16
0.0351562;0.964844;600;16
0.0176471;0.982353;650;16
0.0898438;0.910156;700;16
0.130648;0.869352;750;16
0.0776031;0.922397;800;16
0.0537109;0.946289;850;16
0.0118694;0.988131;900;16
0.00883219;0.991168;950;16
0.0146484;0.985352;1000;16
0.0146484;0.985352;1050;16
0.0332031;0.966797;1100;16
0.0576172;0.942383;1150;16
0.0216323;0.978368;1200;16
0.0283203;0.97168;1250;16
0.0293255;0.970675;1300;16
0.00196271;0.998037;1350;16
0.0472906;0.952709;1400;16
0.0117302;0.98827;1450;16
0.0451866;0.954813;1500;16
0;1;0;17
0.0806293;0.919371;50;17
0.0595703;0.94043;100;17
0.0302734;0.969727;150;17
0.0594059;0.940594;200;17
0.0625;0.9375;250;17
0.105469;0.894531;300;17
0.165039;0.834961;350;17
0.114258;0.885742;400;17
0.0527344;0.947266;450;17
0.0742188;0.925781;500;17
0.046875;0.953125;550;17
0.0918866;0.908113;600;17
0.0195503;0.98045;650;17
0.00879765;0.991202;700;17
0.0351562;0.964844;750;17
0.0107422;0.989258;800;17
0.00195312;0.998047;850;17
0.0596285;0.940371;900;17
0.0576172;0.942383;950;17
0.0911765;0.908824;1000;17
0.0449219;0.955078;1050;17
0.0302734;0.969727;1100;17
0.0128458;0.987154;1150;17
0.0107949;0.989205;1200;17
0.024975;0.975025;1250;17
0;1;1300;17
0.0323847;0.967615;1350;17
0.0488281;0.951172;1400;17
0.00886699;0.991133;1450;17
0.0322266;0.967773;1500;17
