0;0;0;0
0;0;50;0
0;0;100;0
0.2;0.8;150;0
0;0;200;0
0;1;250;0
0;0;300;0
0;0;350;0
0;1;400;0
0;1;450;0
0;0;500;0
0.2;0.8;550;0
0;1;600;0
0;0;650;0
0;0;700;0
0;1;750;0
0;0;800;0
0.5;0.5;850;0
0;0;900;0
0;0;950;0
0;0;1000;0
0;1;1050;0
0;0;1100;0
0;1;1150;0
0.1;0.9;1200;0
0;0;1250;0
0;1;1300;0
0;0;1350;0
0;1;1400;0
0;0;1450;0
0;0;1500;0
0;1;0;1
0.0884956;0.911504;50;1
0.0203459;0.979654;100;1
0.0490196;0.95098;150;1
0.0335306;0.966469;200;1
0.106445;0.893555;250;1
0.0177866;0.982213;300;1
0.0276954;0.972305;350;1
0.0180723;0.981928;400;1
0.00686275;0.993137;450;1
0.0117647;0.988235;500;1
0.0078125;0.992188;550;1
0;1;600;1
0.0894789;0.910521;650;1
0.0820312;0.917969;700;1
0.0029383;0.997062;750;1
0.1;0.9;800;1
0.0258964;0.974104;850;1
0.016815;0.983185;900;1
0;1;950;1
0;1;1000;1
0.0156709;0.984329;1050;1
0.0127701;0.98723;1100;1
0;1;1150;1
0.000976562;0.999023;1200;1
0.0113519;0.988648;1250;1
0.000983284;0.999017;1300;1
0.000988142;0.999012;1350;1
0.00395257;0.996047;1400;1
0.00100503;0.998995;1450;1
0.00688976;0.99311;1500;1
0;1;0;2
0.147461;0.852539;50;2
0.037182;0.962818;100;2
0.0255152;0.974485;150;2
0.012987;0.987013;200;2
0.0322266;0.967773;250;2
0.0283203;0.97168;300;2
0.0488759;0.951124;350;2
0.019802;0.980198;400;2
0.005923;0.994077;450;2
0.0214844;0.978516;500;2
0.0441609;0.955839;550;2
0.00976562;0.990234;600;2
0.0108055;0.989195;650;2
0.011846;0.988154;700;2
0.0109235;0.989076;750;2
0.0527344;0.947266;800;2
0.030422;0.969578;850;2
0.012012;0.987988;900;2
0.000985222;0.999015;950;2
0.0118343;0.988166;1000;2
0.00405269;0.995947;1050;2
0.0321608;0.967839;1100;2
0.00293542;0.997065;1150;2
0.0166341;0.983366;1200;2
0.0353288;0.964671;1250;2
0.00397614;0.996024;1300;2
0.00590551;0.994094;1350;2
0.0131048;0.986895;1400;2
0.0185728;0.981427;1450;2
0.000994036;0.999006;1500;2
0;1;0;3
0.0957967;0.904203;50;3
0.0664062;0.933594;100;3
0.0895669;0.910433;150;3
0.0353982;0.964602;200;3
0.0313418;0.968658;250;3
0.0449219;0.955078;300;3
0.0170512;0.982949;350;3
0.0157791;0.984221;400;3
0.0201613;0.979839;450;3
0.0302734;0.969727;500;3
0.00100402;0.998996;550;3
0.00686948;0.993131;600;3
0.0517578;0.948242;650;3
0.101861;0.898139;700;3
0.0361681;0.963832;750;3
0.00585938;0.994141;800;3
0.011893;0.988107;850;3
0.00993049;0.99007;900;3
0.00591716;0.994083;950;3
0.0336634;0.966337;1000;3
0.00489716;0.995103;1050;3
0.00601805;0.993982;1100;3
0.0107422;0.989258;1150;3
0.00392927;0.996071;1200;3
0.00391389;0.996086;1250;3
0.0292969;0.970703;1300;3
0.00393701;0.996063;1350;3
0.0472441;0.952756;1400;3
0.077451;0.922549;1450;3
0.0158416;0.984158;1500;3
0;1;0;4
0.0335366;0.966463;50;4
0.0625;0.9375;100;4
0.00691017;0.99309;150;4
0.0693359;0.930664;200;4
0.148039;0.851961;250;4
0.0459082;0.954092;300;4
0.00986193;0.990138;350;4
0.00294985;0.99705;400;4
0.0274241;0.972576;450;4
0.0354331;0.964567;500;4
0.001001;0.998999;550;4
0.00591133;0.994089;600;4
0.0771484;0.922852;650;4
0.0195503;0.98045;700;4
0.0246063;0.975394;750;4
0.0705191;0.929481;800;4
0.0800781;0.919922;850;4
0.046371;0.953629;900;4
0.00788177;0.992118;950;4
0.0197044;0.980296;1000;4
0.0245821;0.975418;1050;4
0.0058651;0.994135;1100;4
0.0225269;0.977473;1150;4
0.0058651;0.994135;1200;4
0.00493583;0.995064;1250;4
0.0313726;0.968627;1300;4
0.0108481;0.989152;1350;4
0.00099108;0.999009;1400;4
0.0336301;0.96637;1450;4
0.0519608;0.948039;1500;4
0;1;0;5
0.125;0.875;50;5
0.167969;0.832031;100;5
0.079803;0.920197;150;5
0.0421156;0.957884;200;5
0.0257171;0.974283;250;5
0.0224609;0.977539;300;5
0.0703125;0.929688;350;5
0.0587659;0.941234;400;5
0.0764706;0.923529;450;5
0.0283203;0.97168;500;5
0.0625;0.9375;550;5
0.0556641;0.944336;600;5
0.0392157;0.960784;650;5
0.0186092;0.981391;700;5
0.0283203;0.97168;750;5
0.0127202;0.98728;800;5
0.0634766;0.936523;850;5
0.0602172;0.939783;900;5
0.0127451;0.987255;950;5
0.0254154;0.974585;1000;5
0.0380859;0.961914;1050;5
0.0029615;0.997038;1100;5
0.0108055;0.989195;1150;5
0.01998;0.98002;1200;5
0.0322266;0.967773;1250;5
0.0397219;0.960278;1300;5
0.0138614;0.986139;1350;5
0.0166667;0.983333;1400;5
0.0323847;0.967615;1450;5
0.0185547;0.981445;1500;5
0.0137255;0.986274;0;6
0.0636008;0.936399;50;6
0.0295276;0.970472;100;6
0.0410156;0.958984;150;6
0.046875;0.953125;200;6
0.0361328;0.963867;250;6
0.0255654;0.974435;300;6
0.0869141;0.913086;350;6
0.0136719;0.986328;400;6
0.017734;0.982266;450;6
0.0372915;0.962709;500;6
0.00296443;0.997036;550;6
0.0625611;0.937439;600;6
0.0351562;0.964844;650;6
0.00787402;0.992126;700;6
0.013712;0.986288;750;6
0.00490677;0.995093;800;6
0.0457711;0.954229;850;6
0.000976562;0.999023;900;6
0.0436941;0.956306;950;6
0.0136986;0.986301;1000;6
0.0059761;0.994024;1050;6
0.00690335;0.993097;1100;6
0.0353982;0.964602;1150;6
0.00394867;0.996051;1200;6
0.0264447;0.973555;1250;6
0.0254902;0.97451;1300;6
0.0168484;0.983152;1350;6
0.0325444;0.967456;1400;6
0.0214844;0.978516;1450;6
0.0332031;0.966797;1500;6
0;1;0;7
0.116552;0.883448;50;7
0.100394;0.899606;100;7
0.0525794;0.947421;150;7
0.0343811;0.965619;200;7
0.0635386;0.936461;250;7
0.166016;0.833984;300;7
0.0314651;0.968535;350;7
0.0166503;0.98335;400;7
0.0234375;0.976562;450;7
0.00810537;0.991895;500;7
0.00099108;0.999009;550;7
0.0039801;0.99602;600;7
0.0146484;0.985352;650;7
0.0908203;0.90918;700;7
0.00393314;0.996067;750;7
0.0322266;0.967773;800;7
0.0607843;0.939216;850;7
0.0776031;0.922397;900;7
0.00204082;0.997959;950;7
0.0195695;0.980431;1000;7
0.124023;0.875977;1050;7
0.0537109;0.946289;1100;7
0.0391389;0.960861;1150;7
0.147461;0.852539;1200;7
0.0483235;0.951677;1250;7
0.0167818;0.983218;1300;7
0.0150602;0.98494;1350;7
0.00195312;0.998047;1400;7
0.0253906;0.974609;1450;7
0.0019685;0.998031;1500;7
0.00587084;0.994129;0;8
0.157017;0.842983;50;8
0.113281;0.886719;100;8
0.0987167;0.901283;150;8
0.0970588;0.902941;200;8
0.0556641;0.944336;250;8
0.0625;0.9375;300;8
0.0228175;0.977183;350;8
0.0245339;0.975466;400;8
0.041456;0.958544;450;8
0.0245339;0.975466;500;8
0.0287129;0.971287;550;8
0.015625;0.984375;600;8
0.0696762;0.930324;650;8
0.0390625;0.960938;700;8
0.0147203;0.98528;750;8
0.0237154;0.976285;800;8
0.0126953;0.987305;850;8
0.0148662;0.985134;900;8
0.0119048;0.988095;950;8
0.00488281;0.995117;1000;8
0.00390625;0.996094;1050;8
0.0138889;0.986111;1100;8
0.000986193;0.999014;1150;8
0.0127576;0.987242;1200;8
0.00591716;0.994083;1250;8
0.0648968;0.935103;1300;8
0.015625;0.984375;1350;8
0.0866142;0.913386;1400;8
0.0332031;0.966797;1450;8
0.0646425;0.935358;1500;8
0.0010142;0.998986;0;9
0.104492;0.895508;50;9
0.0502463;0.949754;100;9
0.0332031;0.966797;150;9
0.0684932;0.931507;200;9
0.0644202;0.93558;250;9
0.0361328;0.963867;300;9
0.0178571;0.982143;350;9
0.0549558;0.945044;400;9
0.0683594;0.931641;450;9
0.128055;0.871945;500;9
0.0440744;0.955926;550;9
0.0208333;0.979167;600;9
0.0117188;0.988281;650;9
0.0683594;0.931641;700;9
0.0363815;0.963618;750;9
0.0352941;0.964706;800;9
0.00195886;0.998041;850;9
0.0207305;0.97927;900;9
0.00390625;0.996094;950;9
0.0451423;0.954858;1000;9
0.0742188;0.925781;1050;9
0.00878906;0.991211;1100;9
0.03125;0.96875;1150;9
0.0708661;0.929134;1200;9
0.013739;0.986261;1250;9
0.0254403;0.97456;1300;9
0;1;1350;9
0;1;1400;9
0.0294695;0.97053;1450;9
0.00195695;0.998043;1500;9
0.002002;0.997998;0;10
0.126953;0.873047;50;10
0.0403633;0.959637;100;10
0.0869141;0.913086;150;10
0.0998043;0.900196;200;10
0.0595703;0.94043;250;10
0.117188;0.882812;300;10
0.0605469;0.939453;350;10
0.0333988;0.966601;400;10
0.0196657;0.980334;450;10
0.0732422;0.926758;500;10
0.0580709;0.941929;550;10
0.00292969;0.99707;600;10
0.0400391;0.959961;650;10
0.0537109;0.946289;700;10
0.078125;0.921875;750;10
0.0830078;0.916992;800;10
0.0521141;0.947886;850;10
0.0127451;0.987255;900;10
0.00601202;0.993988;950;10
0.00976562;0.990234;1000;10
0.0587084;0.941292;1050;10
0.00788955;0.99211;1100;10
0.0292969;0.970703;1150;10
0.0449219;0.955078;1200;10
0.0693359;0.930664;1250;10
0.00297324;0.997027;1300;10
0.0195886;0.980411;1350;10
0.00514933;0.994851;1400;10
0.00195503;0.998045;1450;10
0.0673828;0.932617;1500;10
0.00585938;0.994141;0;11
0.102539;0.897461;50;11
0.0917969;0.908203;100;11
0.0310933;0.968907;150;11
0.0390625;0.960938;200;11
0.112305;0.887695;250;11
0.152642;0.847358;300;11
0.00802407;0.991976;350;11
0.0078125;0.992188;400;11
0.0898438;0.910156;450;11
0.137695;0.862305;500;11
0.0540806;0.945919;550;11
0.0314342;0.968566;600;11
0.0353982;0.964602;650;11
0.041041;0.958959;700;11
0.00976562;0.990234;750;11
0.0429688;0.957031;800;11
0.00588235;0.994118;850;11
0.00684932;0.993151;900;11
0.018591;0.981409;950;11
0.0253906;0.974609;1000;11
0.0333007;0.966699;1050;11
0.00392927;0.996071;1100;11
0.0291751;0.970825;1150;11
0.0214844;0.978516;1200;11
0.00298805;0.997012;1250;11
0.0136719;0.986328;1300;11
0.0374384;0.962562;1350;11
0.046875;0.953125;1400;11
0.0380859;0.961914;1450;11
0.0380859;0.961914;1500;11
0.024558;0.975442;0;12
0.0859375;0.914062;50;12
0.0761719;0.923828;100;12
0.0332031;0.966797;150;12
0.0107949;0.989205;200;12
0.0419922;0.958008;250;12
0.0392542;0.960746;300;12
0.0620079;0.937992;350;12
0.0205078;0.979492;400;12
0.0794897;0.92051;450;12
0.0137795;0.98622;500;12
0.0684932;0.931507;550;12
0.0078125;0.992188;600;12
0.0313418;0.968658;650;12
0.0206287;0.979371;700;12
0.0810547;0.918945;750;12
0.0327381;0.967262;800;12
0.0341797;0.96582;850;12
0.030572;0.969428;900;12
0.0332356;0.966764;950;12
0.00878906;0.991211;1000;12
0.0234375;0.976562;1050;12
0.00397614;0.996024;1100;12
0.015625;0.984375;1150;12
0.0277228;0.972277;1200;12
0.0237859;0.976214;1250;12
0.00196078;0.998039;1300;12
0.0273438;0.972656;1350;12
0.030303;0.969697;1400;12
0.0498047;0.950195;1450;12
0.0332031;0.966797;1500;12
0.00298507;0.997015;0;13
0.196271;0.803729;50;13
0.0546875;0.945312;100;13
0.11437;0.88563;150;13
0.107422;0.892578;200;13
0.0683594;0.931641;250;13
0.0263672;0.973633;300;13
0.0351562;0.964844;350;13
0.0716389;0.928361;400;13
0.0516899;0.94831;450;13
0.11437;0.88563;500;13
0.0267592;0.973241;550;13
0.0278054;0.972195;600;13
0.0333333;0.966667;650;13
0.0693359;0.930664;700;13
0.132812;0.867188;750;13
0.0107422;0.989258;800;13
0.0410156;0.958984;850;13
0.0419922;0.958008;900;13
0.0644531;0.935547;950;13
0.0371859;0.962814;1000;13
0.0636631;0.936337;1050;13
0.0285433;0.971457;1100;13
0.0761719;0.923828;1150;13
0.0442913;0.955709;1200;13
0.00196657;0.998033;1250;13
0.0175781;0.982422;1300;13
0.0449219;0.955078;1350;13
0.0219124;0.978088;1400;13
0.00686275;0.993137;1450;13
0.0029703;0.99703;1500;13
0;1;0;14
0.126953;0.873047;50;14
0.105469;0.894531;100;14
0.125;0.875;150;14
0.0891283;0.910872;200;14
0.0236453;0.976355;250;14
0.0127701;0.98723;300;14
0.0488759;0.951124;350;14
0.188477;0.811523;400;14
0.0712891;0.928711;450;14
0.0527363;0.947264;500;14
0.0566406;0.943359;550;14
0.0224609;0.977539;600;14
0.0266535;0.973346;650;14
0.0127701;0.98723;700;14
0.0127576;0.987242;750;14
0.0569185;0.943081;800;14
0.0332031;0.966797;850;14
0.0058997;0.9941;900;14
0.0305118;0.969488;950;14
0.026;0.974;1000;14
0.0020202;0.99798;1050;14
0.0361681;0.963832;1100;14
0.036239;0.963761;1150;14
0.0029383;0.997062;1200;14
0.0187747;0.981225;1250;14
0.0354331;0.964567;1300;14
0.00294406;0.997056;1350;14
0.0118694;0.988131;1400;14
0.01002;0.98998;1450;14
0.00197628;0.998024;1500;14
0.0293542;0.970646;0;15
0.119961;0.880039;50;15
0.104902;0.895098;100;15
0.104492;0.895508;150;15
0.078125;0.921875;200;15
0.0800781;0.919922;250;15
0.0966797;0.90332;300;15
0.111328;0.888672;350;15
0.0274779;0.972522;400;15
0.028348;0.971652;450;15
0.043222;0.956778;500;15
0.0957031;0.904297;550;15
0.0507812;0.949219;600;15
0.112635;0.887365;650;15
0.0364532;0.963547;700;15
0.0178394;0.982161;750;15
0.00585938;0.994141;800;15
0.0269192;0.973081;850;15
0.00488281;0.995117;900;15
0.0478516;0.952148;950;15
0.0273438;0.972656;1000;15
0.0507812;0.949219;1050;15
0.0566406;0.943359;1100;15
0.00197628;0.998024;1150;15
0.000995025;0.999005;1200;15
0.028348;0.971652;1250;15
0.0458984;0.954102;1300;15
0.0158103;0.98419;1350;15
0;1;1400;15
0.0166667;0.983333;1450;15
0.00894632;0.991054;1500;15
0.0175781;0.982422;0;16
0.0927734;0.907227;50;16
0.0615234;0.938477;100;16
0.0752688;0.924731;150;16
0.00984252;0.990157;200;16
0.0341797;0.96582;250;16
0.072549;0.927451;300;16
0.0615234;0.938477;350;16
0.0781563;0.921844;400;16
0.0440313;0.955969;450;16
0.123047;0.876953;500;16
0.0615234;0.938477;550;16
0.0205078;0.979492;600;16
0.03125;0.96875;650;16
0.00878906;0.991211;700;16
0.0488759;0.951124;750;16
0.100586;0.899414;800;16
0.053816;0.946184;850;16
0.000979432;0.999021;900;16
0.0312805;0.968719;950;16
0.00392157;0.996078;1000;16
0.00802407;0.991976;1050;16
0.017734;0.982266;1100;16
0.00488281;0.995117;1150;16
0.0205078;0.979492;1200;16
0.0127576;0.987242;1250;16
0.0117188;0.988281;1300;16
0.000980392;0.99902;1350;16
0.0127326;0.987267;1400;16
0.0302734;0.969727;1450;16
0.0334975;0.966502;1500;16
0;1;0;17
0.0656219;0.934378;50;17
0.0463054;0.953695;100;17
0.12793;0.87207;150;17
0.209961;0.790039;200;17
0.0821114;0.917889;250;17
0.115347;0.884653;300;17
0.0351562;0.964844;350;17
0.0441609;0.955839;400;17
0.0344828;0.965517;450;17
0.0266798;0.97332;500;17
0.0791016;0.920898;550;17
0.0808678;0.919132;600;17
0.0147059;0.985294;650;17
0.0166016;0.983398;700;17
0.0512821;0.948718;750;17
0.0214844;0.978516;800;17
0.00585938;0.994141;850;17
0.0214844;0.978516;900;17
0.0176471;0.982353;950;17
0.0351562;0.964844;1000;17
0.0919765;0.908023;1050;17
0.00488759;0.995112;1100;17
0.0185547;0.981445;1150;17
0.0489237;0.951076;1200;17
0.0303327;0.969667;1250;17
0.00294406;0.997056;1300;17
0.00976562;0.990234;1350;17
0;1;1400;17
0.0117532;0.988247;1450;17
0.0703125;0.929688;1500;17
